44
1 2 2 7
2 5 1 3 4 7 11
3 3 2 4 5
4 5 2 3 5 11 13
5 4 3 4 6 13
6 2 5 13
7 6 1 2 8 9 11 12
8 3 7 9 10
9 5 7 8 10 12 15
10 5 8 9 15 16 23
11 7 2 4 7 12 13 14 17
12 5 7 9 11 15 17
13 5 4 5 6 11 14
14 4 11 13 18 19
15 6 9 10 12 16 17 21
16 6 10 15 21 22 23 25
17 6 11 12 15 18 19 21
18 3 14 17 19
19 5 14 17 18 20 21
20 5 19 21 22 27 28
21 6 15 16 17 19 20 22
22 6 16 20 21 25 26 27
23 4 10 16 24 25
24 5 23 25 33 34 39
25 6 16 22 23 24 26 34
26 6 22 25 27 29 31 34
27 6 20 22 26 28 29 30
28 3 20 27 30
29 4 26 27 30 31
30 4 27 28 29 32
31 5 26 29 32 34 35
32 4 30 31 35 36
33 4 24 34 39 40
34 8 24 25 26 31 33 35 37 40
35 6 31 32 34 36 37 38
36 4 32 35 38 43
37 5 34 35 38 40 41
38 6 35 36 37 41 42 43
39 4 24 33 40 41
40 5 33 34 37 39 41
41 5 37 38 39 40 42
42 4 38 41 43 44
43 4 36 38 42 44
44 2 42 43
